2016/01/04,2346,2384,2318,2321,73900,2321
2016/01/05,2321,2343,2286,2315,64500,2315
2016/01/06,2315,2315,2235,2246,106400,2246
2016/01/07,2250,2293,2231,2242,95300,2242
2016/01/08,2231,2256,2201,2205,67100,2205
2016/01/12,2187,2203,2150,2150,70500,2150
2016/01/13,2166,2205,2151,2190,69800,2190
2016/01/14,2155,2188,2144,2187,75800,2187
2016/01/15,2199,2218,2162,2178,54700,2178
2016/01/18,2160,2178,2135,2161,48800,2161
2016/01/19,2162,2179,2124,2136,44600,2136
2016/01/20,2126,2155,2089,2094,70800,2094
2016/01/21,2098,2110,2054,2055,73700,2055
2016/01/22,2091,2177,2072,2175,82100,2175
2016/01/25,2192,2265,2192,2254,51800,2254
2016/01/26,2201,2267,2200,2237,77500,2237
2016/01/27,2290,2298,2246,2278,65500,2278
2016/01/28,2245,2272,2231,2247,70100,2247
2016/01/29,2283,2302,2240,2298,94000,2298
2016/02/01,2305,2355,2305,2346,62100,2346
2016/02/02,2302,2356,2302,2347,37300,2347
2016/02/03,2200,2266,2200,2225,210100,2225
2016/02/04,2201,2228,2173,2188,110600,2188
2016/02/05,2174,2206,2162,2200,62600,2200
2016/02/08,2200,2249,2179,2238,44700,2238
2016/02/09,2190,2227,2173,2197,74800,2197
2016/02/10,2197,2211,2113,2139,103100,2139
2016/02/12,2095,2116,2025,2028,91500,2028
2016/02/15,2095,2110,2032,2045,153700,2045
2016/02/16,2040,2073,2015,2015,104800,2015
2016/02/17,2049,2049,2003,2027,74000,2027
2016/02/18,2053,2073,2034,2053,64100,2053
2016/02/19,2057,2057,2000,2030,64400,2030
2016/02/22,2013,2043,1993,2023,109700,2023
2016/02/23,2023,2023,1973,1985,109500,1985
2016/02/24,1990,2039,1990,2019,97000,2019
2016/02/25,2004,2057,2004,2042,70600,2042
2016/02/26,2042,2064,2022,2036,51600,2036
2016/02/29,2064,2088,2030,2030,87000,2030
2016/03/01,2020,2020,1983,1991,109000,1991
2016/03/02,2010,2023,1993,1999,89100,1999
2016/03/03,2000,2008,1991,2006,91400,2006
2016/03/04,2006,2043,1996,2041,101000,2041
2016/03/07,2043,2114,2022,2084,129700,2084
2016/03/08,2084,2098,2052,2069,103500,2069
2016/03/09,2063,2091,2063,2083,69600,2083
2016/03/10,2100,2131,2099,2113,91100,2113
2016/03/11,2096,2168,2096,2157,97500,2157
2016/03/14,2173,2180,2144,2150,67800,2150
2016/03/15,2145,2155,2123,2134,88700,2134
2016/03/16,2123,2158,2117,2134,74800,2134
2016/03/17,2135,2136,2072,2085,148400,2085
2016/03/18,2074,2078,2021,2050,251900,2050
2016/03/22,2058,2085,2042,2077,135500,2077
2016/03/23,2085,2148,2085,2148,109200,2148
2016/03/24,2150,2205,2150,2190,133600,2190
2016/03/25,2195,2208,2186,2203,95400,2203
2016/03/28,2202,2258,2202,2258,186000,2258
2016/03/29,2224,2247,2202,2234,161000,2234
2016/03/30,2234,2234,2202,2212,139000,2212
2016/03/31,2221,2243,2199,2226,177500,2226
2016/04/01,2212,2220,2165,2181,188900,2181
2016/04/04,2175,2203,2160,2180,99500,2180
2016/04/05,2168,2168,2119,2128,82200,2128
2016/04/06,2131,2132,2100,2114,86000,2114
2016/04/07,2108,2135,2071,2101,98600,2101
2016/04/08,2070,2149,2059,2134,133100,2134
2016/04/11,2122,2132,2093,2106,56200,2106
2016/04/12,2089,2113,2089,2092,61200,2092
2016/04/13,2091,2103,2071,2089,59300,2089
2016/04/14,2104,2120,2070,2120,65000,2120
2016/04/15,2090,2103,2079,2093,52200,2093
2016/04/18,2060,2060,2026,2043,60800,2043
2016/04/19,2085,2089,2061,2079,72800,2079
2016/04/20,2090,2092,2063,2073,56500,2073
2016/04/21,2089,2094,2069,2092,89400,2092
2016/04/22,2076,2142,2069,2139,105700,2139
2016/04/25,2143,2145,2087,2093,81700,2093
2016/04/26,2093,2105,2066,2088,84800,2088
2016/04/27,2105,2147,2105,2143,111000,2143
2016/04/28,2165,2193,2125,2128,140200,2128
2016/05/02,2078,2078,2044,2065,71000,2065
2016/05/06,2077,2079,2039,2061,55500,2061
2016/05/09,2089,2099,2066,2072,32900,2072
2016/05/10,2082,2117,2075,2108,78500,2108
2016/05/11,2120,2123,2111,2122,65700,2122
2016/05/12,2095,2104,2074,2092,81800,2092
2016/05/13,2073,2073,2041,2050,78700,2050
2016/05/16,2035,2037,1936,1941,218500,1941
2016/05/17,1966,1973,1941,1972,107700,1972
2016/05/18,1980,1990,1950,1965,85400,1965
2016/05/19,1978,1979,1939,1943,71100,1943
2016/05/20,1959,1961,1942,1957,60700,1957
2016/05/23,1957,1957,1927,1944,70800,1944
2016/05/24,1944,1949,1932,1933,40600,1933
2016/05/25,1957,1989,1954,1987,70000,1987
2016/05/26,2000,2018,1983,1990,66800,1990
2016/05/27,2000,2013,1983,1995,61800,1995
2016/05/30,2004,2014,1991,2013,25800,2013
2016/05/31,2012,2044,2008,2035,95500,2035
